3.285025890541896274e+02 2.468805262793424617e+02
1.356448319684385524e+03 8.500202963629200212e+02
3.218855924415655863e+03 2.050299487645463614e+03
4.058425648125828047e+03 2.628772492666682865e+03
2.931279656440067356e+03 1.868845322553052029e+03
2.913153631628006679e+03 1.977667201442910255e+03
1.985165431858767306e+03 1.295228282205218875e+03
1.006490735102016060e+03 7.205595343153104295e+02
9.195490235675378017e+02 6.402749455845802231e+02
-3.497417226680943259e+01 3.208747280989884842e+01
1.006490735102016060e+03 7.205595343153104295e+02
