1.000000000000000000e+00 2.548245327360038022e-269
1.099099099099099197e+00 1.801503643599183864e-209
1.198198198198198172e+00 1.927263861191188115e-165
1.297297297297297369e+00 3.550920215020275788e-133
1.396396396396396344e+00 5.855287478283370212e-109
1.495495495495495542e+00 2.092076020137817756e-90
1.594594594594594739e+00 5.865755405122480913e-88
1.693693693693693714e+00 1.148274651111560587e-74
1.792792792792792689e+00 5.451699529169799759e-64
1.891891891891891886e+00 2.127063642307152892e-65
1.990990990990991083e+00 1.684566511163511108e-57
2.090090090090090058e+00 2.537111025700744088e-50
2.189189189189189477e+00 2.812764635753171148e-44
2.288288288288288008e+00 3.425455908889103125e-39
2.387387387387387427e+00 7.009480408610308002e-35
2.486486486486486402e+00 3.352453420896538578e-31
2.585585585585585378e+00 4.855378376770513508e-28
2.684684684684684797e+00 2.614533791466792423e-25
2.783783783783783772e+00 6.167962872831197339e-23
2.882882882882882747e+00 7.276545769346884487e-21
2.981981981981982166e+00 4.780053341817109065e-19
3.081081081081081141e+00 2.036000645439837639e-17
3.180180180180180116e+00 5.670660216556216171e-16
3.279279279279279091e+00 2.029009882737827986e-15
3.378378378378378510e+00 3.157831131737779236e-14
3.477477477477477485e+00 3.666579094629346200e-13
3.576576576576576461e+00 3.300321376446279058e-12
3.675675675675675880e+00 2.218276990419811684e-11
3.774774774774774855e+00 1.330313059156689069e-10
3.873873873873873830e+00 6.714606139245987450e-10
3.972972972972972805e+00 2.911212778999435607e-09
4.072072072072072224e+00 1.120539075190369801e-08
4.171171171171170755e+00 3.839324370295997484e-08
4.270270270270270174e+00 1.179656438294811947e-07
4.369369369369369593e+00 3.289092402240038395e-07
4.468468468468469013e+00 8.408215729832805982e-07
4.567567567567567544e+00 1.988673988358010539e-06
4.666666666666666075e+00 4.386298207730942632e-06
4.765765765765765494e+00 9.085236981483487317e-06
4.864864864864864913e+00 1.778073156183500794e-05
4.963963963963964332e+00 3.305987491970342128e-05
5.063063063063062863e+00 5.886673319615403353e-05
5.162162162162162282e+00 1.006238478565521532e-04
5.261261261261261701e+00 1.654403048410749784e-04
5.360360360360360232e+00 2.625434548465385362e-04
5.459459459459459651e+00 4.033955095407802519e-04
5.558558558558558182e+00 6.017848412440886686e-04
5.657657657657657602e+00 8.738132204094655039e-04
5.756756756756757021e+00 1.237773064444369501e-03
5.855855855855855552e+00 1.713917556759717888e-03
5.954954954954954971e+00 2.324134440752933985e-03
6.054054054054054390e+00 3.093988966995644789e-03
6.153153153153152921e+00 4.048606984286210429e-03
6.252252252252252340e+00 5.210961685558642906e-03
6.351351351351351759e+00 6.605410959967649570e-03
6.450450450450450290e+00 8.255566900163649122e-03
6.549549549549549710e+00 1.018381725626487863e-02
6.648648648648649129e+00 1.241089474322338258e-02
6.747747747747747660e+00 1.495550628531823120e-02
6.846846846846847079e+00 1.783403004948846265e-02
6.945945945945945610e+00 2.106028414666177503e-02
7.045045045045045029e+00 2.464536737296200639e-02
7.144144144144144448e+00 2.859756944268727896e-02
7.243243243243242979e+00 3.292234588280822105e-02
7.342342342342342398e+00 3.762235110908228319e-02
7.441441441441441818e+00 4.269752214109903687e-02
7.540540540540540349e+00 4.814520486644475322e-02
7.639639639639639768e+00 5.396031464790677218e-02
7.738738738738739187e+00 6.013552329355967285e-02
7.837837837837837718e+00 6.666146489203075842e-02
7.936936936936937137e+00 7.352695367616363109e-02
8.036036036036035668e+00 8.070998990478946145e-02
8.135135135135135087e+00 8.818772431993887606e-02
8.234234234234234506e+00 9.596023738569935124e-02
8.333333333333332149e+00 1.040114113156049985e-01
8.432432432432431568e+00 1.123244105882482552e-01
8.531531531531530987e+00 1.208818702515481319e-01
8.630630630630630407e+00 1.296660706050309086e-01
8.729729729729729826e+00 1.386590973278502559e-01
8.828828828828829245e+00 1.478429865715797931e-01
8.927927927927928664e+00 1.571998549132195000e-01
9.027027027027026307e+00 1.667120143705593249e-01
9.126126126126125726e+00 1.763620729250951202e-01
9.225225225225225145e+00 1.861330211842196214e-01
9.324324324324324564e+00 1.960083059513230141e-01
9.423423423423423984e+00 2.059718915669858097e-01
9.522522522522523403e+00 2.160083099430113451e-01
9.621621621621621046e+00 2.261027002400677055e-01
9.720720720720720465e+00 2.362408391445866007e-01
9.819819819819819884e+00 2.464091626863035289e-01
9.918918918918919303e+00 2.565947805088359956e-01
1.001801801801801872e+01 2.667303383142615170e-01
1.011711711711711636e+01 2.766091881471030578e-01
1.021621621621621578e+01 2.864678679152179441e-01
1.031531531531531520e+01 2.962971159276343025e-01
1.041441441441441462e+01 3.060882772695865395e-01
1.051351351351351404e+01 3.158332889553057687e-01
1.061261261261261346e+01 3.255246630294911792e-01
1.071171171171171110e+01 3.351554680293486466e-01
1.081081081081081052e+01 3.447193091739363391e-01
1.090990990990990994e+01 3.542103076052896538e-01
1.100900900900900936e+01 3.636230789664905982e-01
1.110810810810810878e+01 3.729527115656588454e-01
1.120720720720720642e+01 3.821947443416048862e-01
1.130630630630630584e+01 3.913451448167216684e-01
1.140540540540540526e+01 4.004002871952814790e-01
1.150450450450450468e+01 4.093569307407386448e-01
1.160360360360360410e+01 4.182121985435170997e-01
1.170270270270270352e+01 4.269635567711372870e-01
1.180180180180180116e+01 4.356087944751049212e-01
1.190090090090090058e+01 4.441460040135713494e-01
1.200000000000000000e+01 4.525735621353234039e-01
1.209909909909909942e+01 4.608901117588103946e-01
1.219819819819819884e+01 4.690945444697487421e-01
1.229729729729729826e+01 4.771859837519454306e-01
1.239639639639639590e+01 4.851637689584650248e-01
1.249549549549549532e+01 4.930274400237575905e-01
1.259459459459459474e+01 5.007767229119696184e-01
1.269369369369369416e+01 5.084115157920826578e-01
1.279279279279279358e+01 5.159318759267370602e-01
1.289189189189189122e+01 5.233380072585698262e-01
1.299099099099099064e+01 5.306302486753720071e-01
1.309009009009009006e+01 5.378090629334832951e-01
1.318918918918918948e+01 5.448750262173183145e-01
1.328828828828828890e+01 5.518288183118801316e-01
1.338738738738738832e+01 5.586712133643528810e-01
1.348648648648648596e+01 5.654030712104335388e-01
1.358558558558558538e+01 5.720253292408673529e-01
1.368468468468468480e+01 5.785389947836758751e-01
1.378378378378378422e+01 5.849451379777482751e-01
1.388288288288288364e+01 5.912448851138197847e-01
1.398198198198198128e+01 5.974394124193084243e-01
1.408108108108108070e+01 6.035299402640603716e-01
1.418018018018018012e+01 6.095177277646579572e-01
1.427927927927927954e+01 6.154040677656718028e-01
1.437837837837837895e+01 6.211902821769470506e-01
1.447747747747747837e+01 6.268777176468185441e-01
1.457657657657657602e+01 6.324677415519014412e-01
1.467567567567567544e+01 6.379617382849477325e-01
1.477477477477477485e+01 6.433611058230374047e-01
1.487387387387387427e+01 6.486672525591865579e-01
1.497297297297297369e+01 6.538815943812653630e-01
1.507207207207207134e+01 6.586939501052774260e-01
1.517117117117117076e+01 6.633092732318327522e-01
1.527027027027027017e+01 6.678471077845071768e-01
1.536936936936936959e+01 6.723087419333143577e-01
1.546846846846846901e+01 6.766954548943706627e-01
1.556756756756756843e+01 6.810085158678078621e-01
1.566666666666666607e+01 6.852491830810251150e-01
1.576576576576576549e+01 6.894187029298878278e-01
1.586486486486486491e+01 6.935183092109290515e-01
1.596396396396396433e+01 6.975492224380498429e-01
1.606306306306306197e+01 7.015126492376020373e-01
1.616216216216216139e+01 7.054097818161323419e-01
1.626126126126126081e+01 7.092417974954301485e-01
1.636036036036036023e+01 7.130098583098526399e-01
1.645945945945945965e+01 7.167151106612342781e-01
1.655855855855855907e+01 7.203586850269860786e-01
1.665765765765765849e+01 7.239416957172820632e-01
1.675675675675675791e+01 7.274652406774910762e-01
1.685585585585585733e+01 7.309304013322768245e-01
1.695495495495495675e+01 7.343382424680193754e-01
1.705405405405405261e+01 7.376898121504372741e-01
1.715315315315315203e+01 7.409861416745097129e-01
1.725225225225225145e+01 7.442282455439728217e-01
1.735135135135135087e+01 7.474171214778810857e-01
1.745045045045045029e+01 7.505537504418703376e-01
1.754954954954954971e+01 7.536390967019361842e-01
1.764864864864864913e+01 7.566741078986981561e-01
1.774774774774774855e+01 7.596597151402463277e-01
1.784684684684684797e+01 7.625968331118211374e-01
1.794594594594594739e+01 7.654863602006879431e-01
1.804504504504504681e+01 7.683291786346890806e-01
1.814414414414414267e+01 7.711261546330725469e-01
1.824324324324324209e+01 7.738781385682856895e-01
1.834234234234234151e+01 7.765859651375320860e-01
1.844144144144144093e+01 7.792504535429697343e-01
1.854054054054054035e+01 7.818724076795143807e-01
1.863963963963963977e+01 7.844526163292946386e-01
1.873873873873873919e+01 7.869918533618700529e-01
1.883783783783783861e+01 7.894908779394016474e-01
1.893693693693693803e+01 7.919504347260126753e-01
1.903603603603603744e+01 7.943712541006573424e-01
1.913513513513513686e+01 7.967540523728461332e-01
1.923423423423423273e+01 7.990995320006534230e-01
1.933333333333333215e+01 8.014083818104551504e-01
1.943243243243243157e+01 8.036812772179093844e-01
1.953153153153153099e+01 8.059188804497207093e-01
1.963063063063063041e+01 8.081218407657799752e-01
1.972972972972972983e+01 8.102907946812911710e-01
1.982882882882882924e+01 8.124263661885448018e-01
1.992792792792792866e+01 8.145291669780206911e-01
2.002702702702702808e+01 8.165006038406105171e-01
2.012612612612612750e+01 8.181809206636683207e-01
2.022522522522522692e+01 8.198379309237644463e-01
2.032432432432432279e+01 8.214720419292796949e-01
2.042342342342342221e+01 8.230836527754751275e-01
2.052252252252252163e+01 8.246731545205963076e-01
2.062162162162162105e+01 8.262409303584888898e-01
2.072072072072072046e+01 8.277873557877628574e-01
2.081981981981981988e+01 8.293127987775374965e-01
2.091891891891891930e+01 8.308176199298022979e-01
2.101801801801801872e+01 8.323021726384375318e-01
2.111711711711711814e+01 8.337668032449319089e-01
2.121621621621621756e+01 8.352118511908439569e-01
2.131531531531531698e+01 8.366376491670531879e-01
2.141441441441441285e+01 8.380445232598422445e-01
2.151351351351351227e+01 8.394327930938674243e-01
2.161261261261261168e+01 8.408027719720561066e-01
2.171171171171171110e+01 8.421547670124903684e-01
2.181081081081081052e+01 8.434890792823185324e-01
2.190990990990990994e+01 8.448060039287549339e-01
2.200900900900900936e+01 8.461058303072099829e-01
2.210810810810810878e+01 8.473888421066091414e-01
2.220720720720720820e+01 8.486553174719487780e-01
2.230630630630630762e+01 8.499055291241417454e-01
2.240540540540540704e+01 8.511397444772043075e-01
2.250450450450450646e+01 8.523582257528368178e-01
2.260360360360360232e+01 8.535612300924464435e-01
2.270270270270270174e+01 8.547490096666667814e-01
2.280180180180180116e+01 8.559218117824224370e-01
2.290090090090090058e+01 8.570798789875890833e-01
2.300000000000000000e+01 8.582234491732992909e-01
2.309909909909909942e+01 8.593527556739422035e-01
2.319819819819819884e+01 8.604680273649079059e-01
2.329729729729729826e+01 8.615694887581207828e-01
2.339639639639639768e+01 8.626573600954131615e-01
2.349549549549549710e+01 8.637318574397830906e-01
2.359459459459459651e+01 8.647931927645842176e-01
2.369369369369369238e+01 8.658415740406908423e-01
2.379279279279279180e+01 8.668772053216858842e-01
2.389189189189189122e+01 8.679002868271126214e-01
2.399099099099099064e+01 8.689110150238351649e-01
2.409009009009009006e+01 8.699095827055493002e-01
2.418918918918918948e+01 8.708961790704857764e-01
2.428828828828828890e+01 8.718709897973482281e-01
2.438738738738738832e+01 8.728341971195205939e-01
2.448648648648648773e+01 8.737859798975925463e-01
2.458558558558558715e+01 8.747265136902311333e-01
2.468468468468468657e+01 8.756559708234460393e-01
2.478378378378378244e+01 8.765745204582777728e-01
2.488288288288288186e+01 8.774823286569514158e-01
2.498198198198198128e+01 8.783795584475262430e-01
2.508108108108108070e+01 8.792663698870798461e-01
2.518018018018018012e+01 8.801429201234602928e-01
2.527927927927927954e+01 8.810093634556376285e-01
2.537837837837837895e+01 8.818658513926891374e-01
2.547747747747747837e+01 8.827125327114515585e-01
2.557657657657657779e+01 8.835495535128672362e-01
2.567567567567567721e+01 8.843770572770612848e-01
2.577477477477477663e+01 8.851951849171730835e-01
2.587387387387387250e+01 8.860040748319751858e-01
2.597297297297297192e+01 8.868038629573087306e-01
2.607207207207207134e+01 8.875946828163594482e-01
2.617117117117117076e+01 8.883766655688064562e-01
2.627027027027027017e+01 8.891499400588671609e-01
2.636936936936936959e+01 8.899146328622644653e-01
2.646846846846846901e+01 8.906708683321449271e-01
2.656756756756756843e+01 8.914187686439670744e-01
2.666666666666666785e+01 8.921584538393914077e-01
2.676576576576576727e+01 8.928900418691887442e-01
2.686486486486486669e+01 8.936136486351937691e-01
2.696396396396396256e+01 8.943293880313288868e-01
2.706306306306306197e+01 8.950373719837119157e-01
2.716216216216216139e+01 8.957377104898802678e-01
2.726126126126126081e+01 8.964305116571434917e-01
2.736036036036036023e+01 8.971158817400894936e-01
2.745945945945945965e+01 8.977939251772637519e-01
2.755855855855855907e+01 8.984647446270388471e-01
2.765765765765765849e+01 8.991284410026967322e-01
2.775675675675675791e+01 8.997851135067420625e-01
2.785585585585585733e+01 9.004348596644591307e-01
2.795495495495495675e+01 9.010777753567386084e-01
2.805405405405405261e+01 9.017139548521859727e-01
2.815315315315315203e+01 9.023434908385288278e-01
2.825225225225225145e+01 9.029664744533424381e-01
2.835135135135135087e+01 9.035829953141062409e-01
2.845045045045045029e+01 9.041931415476076594e-01
2.854954954954954971e+01 9.047969998187134211e-01
2.864864864864864913e+01 9.053946553585137114e-01
2.874774774774774855e+01 9.059861919918626993e-01
2.884684684684684797e+01 9.065716921643264259e-01
2.894594594594594739e+01 9.071512369685487132e-01
2.904504504504504681e+01 9.077249061700547461e-01
2.914414414414414267e+01 9.082927782325009858e-01
2.924324324324324209e+01 9.088549303423847370e-01
2.934234234234234151e+01 9.094114384332283585e-01
2.944144144144144093e+01 9.099623772092479967e-01
2.954054054054054035e+01 9.105078201685192774e-01
2.963963963963963977e+01 9.110478396256531664e-01
2.973873873873873919e+01 9.115825067339907717e-01
2.983783783783783861e+01 9.121118915073296307e-01
2.993693693693693803e+01 9.126360628411939180e-01
3.003603603603603744e+01 9.131002440670958897e-01
3.013513513513513686e+01 9.134647352923838115e-01
3.023423423423423273e+01 9.138261945719733381e-01
3.033333333333333215e+01 9.141846574583065710e-01
3.043243243243243157e+01 9.145401589737807146e-01
3.053153153153153099e+01 9.148927336202590244e-01
3.063063063063063041e+01 9.152424153883760294e-01
3.072972972972972983e+01 9.155892377666569049e-01
3.082882882882882924e+01 9.159332337504433319e-01
3.092792792792792866e+01 9.162744358506352826e-01
3.102702702702702808e+01 9.166128761022548366e-01
3.112612612612612750e+01 9.169485860728330273e-01
3.122522522522522692e+01 9.172815968706237166e-01
3.132432432432432634e+01 9.176119391526516011e-01
3.142342342342342221e+01 9.179396431325954619e-01
3.152252252252252163e+01 9.182647385885108759e-01
3.162162162162162105e+01 9.185872548703971630e-01
3.172072072072072046e+01 9.189072209076117881e-01
3.181981981981981988e+01 9.192246652161335518e-01
3.191891891891891930e+01 9.195396159056826724e-01
3.201801801801801872e+01 9.198521006866953176e-01
3.211711711711711814e+01 9.201621468771616907e-01
3.221621621621621756e+01 9.204697814093254493e-01
3.231531531531531698e+01 9.207750308362516733e-01
3.241441441441441640e+01 9.210779213382634945e-01
3.251351351351351582e+01 9.213784787292521594e-01
3.261261261261260813e+01 9.216767284628631929e-01
3.271171171171171466e+01 9.219726956385599914e-01
3.281081081081080697e+01 9.222664050075692899e-01
3.290990990990991349e+01 9.225578809787100543e-01
3.300900900900900581e+01 9.228471476241090210e-01
3.310810810810810523e+01 9.231342286848054357e-01
3.320720720720720465e+01 9.234191475762453249e-01
3.330630630630630407e+01 9.237019273936727393e-01
3.340540540540540349e+01 9.239825909174146368e-01
3.350450450450450290e+01 9.242611606180631822e-01
3.360360360360360232e+01 9.245376586615624559e-01
3.370270270270270174e+01 9.248121069141947981e-01
3.380180180180180116e+01 9.250845269474716748e-01
3.390090090090090058e+01 9.253549400429343930e-01
3.400000000000000000e+01 9.256233671968605581e-01
3.409909909909909942e+01 9.258898291248837120e-01
3.419819819819819884e+01 9.261543462665247084e-01
3.429729729729729826e+01 9.264169387896378227e-01
3.439639639639639768e+01 9.266776265947728186e-01
3.449549549549549710e+01 9.269364293194581883e-01
3.459459459459459651e+01 9.271933663423997940e-01
3.469369369369369593e+01 9.274484567876050134e-01
3.479279279279279535e+01 9.277017195284288364e-01
3.489189189189189477e+01 9.279531731915453552e-01
3.499099099099099419e+01 9.282028361608446465e-01
3.509009009009009361e+01 9.284507265812603771e-01
3.518918918918919303e+01 9.286968623625231345e-01
3.528828828828828534e+01 9.289412611828500310e-01
3.538738738738738476e+01 9.291839404925612556e-01
3.548648648648648418e+01 9.294249175176357847e-01
3.558558558558558360e+01 9.296642092631984822e-01
3.568468468468468302e+01 9.299018325169452481e-01
3.578378378378378244e+01 9.301378038525074388e-01
3.588288288288288186e+01 9.303721396327534476e-01
3.598198198198198128e+01 9.306048560130325553e-01
3.608108108108108070e+01 9.308359689443588270e-01
3.618018018018018012e+01 9.310654941765392767e-01
3.627927927927927954e+01 9.312934472612458547e-01
3.637837837837837895e+01 9.315198435550322564e-01
3.647747747747747837e+01 9.317446982222971075e-01
3.657657657657657779e+01 9.319680262381950797e-01
3.667567567567567721e+01 9.321898423914959375e-01
3.677477477477477663e+01 9.324101612873929579e-01
3.687387387387387605e+01 9.326289973502640551e-01
3.697297297297297547e+01 9.328463648263799479e-01
3.707207207207207489e+01 9.330622777865696937e-01
3.717117117117117431e+01 9.332767501288372625e-01
3.727027027027027373e+01 9.334897955809308145e-01
3.736936936936937315e+01 9.337014277028728992e-01
3.746846846846846546e+01 9.339116598894389165e-01
3.756756756756756488e+01 9.341205053726004959e-01
3.766666666666666430e+01 9.343279772239209136e-01
3.776576576576576372e+01 9.345340883569122070e-01
3.786486486486486314e+01 9.347388515293508782e-01
3.796396396396396256e+01 9.349422793455547387e-01
3.806306306306306197e+01 9.351443842586187882e-01
3.816216216216216139e+01 9.353451785726160095e-01
3.826126126126126081e+01 9.355446744447581953e-01
3.836036036036036023e+01 9.357428838875209154e-01
3.845945945945945965e+01 9.359398187707331784e-01
3.855855855855855907e+01 9.361354908236307892e-01
3.865765765765765849e+01 9.363299116368758446e-01
3.875675675675675791e+01 9.365230926645425891e-01
3.885585585585585733e+01 9.367150452260678550e-01
3.895495495495495675e+01 9.369057805081728585e-01
3.905405405405405617e+01 9.370953095667471366e-01
3.915315315315315559e+01 9.372836433287089486e-01
3.925225225225225500e+01 9.374707925938268183e-01
3.935135135135135442e+01 9.376567680365156532e-01
3.945045045045045384e+01 9.378415802076025543e-01
3.954954954954955326e+01 9.380252395360623163e-01
3.964864864864864558e+01 9.382077563307251733e-01
3.974774774774774500e+01 9.383891407819572317e-01
3.984684684684684441e+01 9.385694029633108171e-01
3.994594594594594383e+01 9.387485528331517282e-01
4.004504504504504325e+01 9.389033655809342349e-01
4.014414414414414267e+01 9.390295143545948076e-01
4.024324324324324209e+01 9.391550032054379882e-01
4.034234234234234151e+01 9.392798373694665193e-01
4.044144144144144093e+01 9.394040220277133368e-01
4.054054054054054035e+01 9.395275623069557769e-01
4.063963963963963977e+01 9.396504632804179025e-01
4.073873873873873919e+01 9.397727299684628388e-01
4.083783783783783861e+01 9.398943673392730069e-01
4.093693693693693803e+01 9.400153803095225857e-01
4.103603603603603744e+01 9.401357737450359853e-01
4.113513513513513686e+01 9.402555524614403248e-01
4.123423423423423628e+01 9.403747212248045884e-01
4.133333333333333570e+01 9.404932847522712303e-01
4.143243243243243512e+01 9.406112477126780114e-01
4.153153153153153454e+01 9.407286147271683996e-01
4.163063063063063396e+01 9.408453903697961973e-01
4.172972972972973338e+01 9.409615791681179564e-01
4.182882882882882569e+01 9.410771856037790650e-01
4.192792792792792511e+01 9.411922141130889541e-01
4.202702702702702453e+01 9.413066690875879772e-01
4.212612612612612395e+01 9.414205548746088503e-01
4.222522522522522337e+01 9.415338757778252132e-01
4.232432432432432279e+01 9.416466360577948613e-01
4.242342342342342221e+01 9.417588399324952064e-01
4.252252252252252163e+01 9.418704915778493003e-01
4.262162162162162105e+01 9.419815951282443089e-01
4.272072072072072046e+01 9.420921546770451016e-01
4.281981981981981988e+01 9.422021742770952946e-01
4.291891891891891930e+01 9.423116579412157412e-01
4.301801801801801872e+01 9.424206096426933632e-01
4.311711711711711814e+01 9.425290333157640976e-01
4.321621621621621756e+01 9.426369328560860739e-01
4.331531531531531698e+01 9.427443121212107924e-01
4.341441441441441640e+01 9.428511749310424239e-01
4.351351351351351582e+01 9.429575250682942222e-01
4.361261261261261524e+01 9.430633662789362770e-01
4.371171171171171466e+01 9.431687022726377156e-01
4.381081081081081408e+01 9.432735367232021328e-01
4.390990990990991349e+01 9.433778732689981350e-01
4.400900900900901291e+01 9.434817155133805588e-01
4.410810810810810523e+01 9.435850670251106909e-01
4.420720720720720465e+01 9.436879313387656065e-01
4.430630630630630407e+01 9.437903119551439568e-01
4.440540540540540349e+01 9.438922123416668697e-01
4.450450450450450290e+01 9.439936359327715243e-01
4.460360360360360232e+01 9.440945861303001729e-01
4.470270270270270174e+01 9.441950663038830571e-01
4.480180180180180116e+01 9.442950797913164385e-01
4.490090090090090058e+01 9.443946298989360777e-01
4.500000000000000000e+01 9.444937199019839413e-01
4.509909909909909942e+01 9.445923530449703565e-01
4.519819819819819884e+01 9.446905325420318356e-01
4.529729729729729826e+01 9.447882615772833503e-01
4.539639639639639768e+01 9.448855433051662756e-01
4.549549549549549710e+01 9.449823808507900047e-01
4.559459459459459651e+01 9.450787773102717892e-01
4.569369369369369593e+01 9.451747357510682512e-01
4.579279279279279535e+01 9.452702592123061187e-01
4.589189189189189477e+01 9.453653507051046345e-01
4.599099099099099419e+01 9.454600132128976320e-01
4.609009009009009361e+01 9.455542496917470618e-01
4.618918918918919303e+01 9.456480630706557422e-01
4.628828828828828534e+01 9.457414562518742240e-01
4.638738738738738476e+01 9.458344321112034381e-01
4.648648648648648418e+01 9.459269934982941219e-01
4.658558558558558360e+01 9.460191432369405851e-01
4.668468468468468302e+01 9.461108841253730306e-01
4.678378378378378244e+01 9.462022189365437708e-01
4.688288288288288186e+01 9.462931504184105558e-01
4.698198198198198128e+01 9.463836812942161281e-01
4.708108108108108070e+01 9.464738142627637796e-01
4.718018018018018012e+01 9.465635519986891344e-01
4.727927927927927954e+01 9.466528971527295999e-01
4.737837837837837895e+01 9.467418523519879336e-01
4.747747747747747837e+01 9.468304202001944780e-01
4.757657657657657779e+01 9.469186032779656204e-01
4.767567567567567721e+01 9.470064041430563684e-01
4.777477477477477663e+01 9.470938253306139254e-01
4.787387387387387605e+01 9.471808693534242707e-01
4.797297297297297547e+01 9.472675387021565196e-01
4.807207207207207489e+01 9.473538358456070618e-01
4.817117117117117431e+01 9.474397632309339290e-01
4.827027027027027373e+01 9.475253232838956041e-01
4.836936936936937315e+01 9.476105184090809486e-01
4.846846846846846546e+01 9.476953509901397954e-01
4.856756756756756488e+01 9.477798233900093239e-01
4.866666666666666430e+01 9.478639379511361041e-01
4.876576576576576372e+01 9.479476969956981414e-01
4.886486486486486314e+01 9.480311028258212591e-01
4.896396396396396256e+01 9.481141577237950369e-01
4.906306306306306197e+01 9.481968639522847520e-01
4.916216216216216139e+01 9.482792237545405456e-01
4.926126126126126081e+01 9.483612393546038133e-01
4.936036036036036023e+01 9.484429129575128181e-01
4.945945945945945965e+01 9.485242467495031971e-01
4.955855855855855907e+01 9.486052428982065798e-01
4.965765765765765849e+01 9.486859035528487638e-01
4.975675675675675791e+01 9.487662308444422266e-01
4.985585585585585733e+01 9.488462268859784166e-01
4.995495495495495675e+01 9.489258937726167131e-01
5.005405405405405617e+01 9.489945138459576768e-01
5.015315315315315559e+01 9.490539620002522714e-01
5.025225225225225500e+01 9.491131980500946419e-01
5.035135135135135442e+01 9.491722232055190833e-01
5.045045045045045384e+01 9.492310386671671818e-01
5.054954954954955326e+01 9.492896456263800742e-01
5.064864864864864558e+01 9.493480452652885981e-01
5.074774774774774500e+01 9.494062387569025541e-01
5.084684684684684441e+01 9.494642272652005222e-01
5.094594594594594383e+01 9.495220119452172369e-01
5.104504504504504325e+01 9.495795939431280752e-01
5.114414414414414267e+01 9.496369743963380960e-01
5.124324324324324209e+01 9.496941544335635310e-01
5.134234234234234151e+01 9.497511351749177155e-01
5.144144144144144093e+01 9.498079177319910249e-01
5.154054054054054035e+01 9.498645032079360284e-01
5.163963963963963977e+01 9.499208926975446499e-01
5.173873873873873919e+01 9.499770872873299910e-01
5.183783783783783861e+01 9.500330880556058233e-01
5.193693693693693803e+01 9.500888960725620835e-01
5.203603603603603744e+01 9.501445124003441434e-01
5.213513513513513686e+01 9.501999380931283046e-01
5.223423423423423628e+01 9.502551741971970722e-01
5.233333333333333570e+01 9.503102217510130956e-01
5.243243243243243512e+01 9.503650817852939969e-01
5.253153153153153454e+01 9.504197553230839812e-01
5.263063063063063396e+01 9.504742433798271106e-01
5.272972972972973338e+01 9.505285469634364715e-01
5.282882882882883280e+01 9.505826670743668938e-01
5.292792792792792511e+01 9.506366047056826751e-01
5.302702702702702453e+01 9.506903608431271913e-01
5.312612612612612395e+01 9.507439364651911751e-01
5.322522522522522337e+01 9.507973325431785527e-01
5.332432432432432279e+01 9.508505500412749445e-01
5.342342342342342221e+01 9.509035899166121686e-01
5.352252252252252163e+01 9.509564531193331893e-01
5.362162162162162105e+01 9.510091405926571761e-01
5.372072072072072046e+01 9.510616532729423422e-01
5.381981981981981988e+01 9.511139920897494493e-01
5.391891891891891930e+01 9.511661579659038690e-01
5.401801801801801872e+01 9.512181518175565342e-01
5.411711711711711814e+01 9.512699745542454455e-01
5.421621621621621756e+01 9.513216270789559559e-01
5.431531531531531698e+01 9.513731102881787249e-01
5.441441441441441640e+01 9.514244250719718909e-01
5.451351351351351582e+01 9.514755723140151389e-01
5.461261261261261524e+01 9.515265528916705406e-01
5.471171171171171466e+01 9.515773676760377331e-01
5.481081081081081408e+01 9.516280175320115386e-01
5.490990990990991349e+01 9.516785033183359221e-01
5.500900900900901291e+01 9.517288258876613893e-01
5.510810810810810523e+01 9.517789860865972784e-01
5.520720720720720465e+01 9.518289847557674932e-01
5.530630630630630407e+01 9.518788227298630167e-01
5.540540540540540349e+01 9.519285008376945356e-01
5.550450450450450290e+01 9.519780199022446210e-01
5.560360360360360232e+01 9.520273807407211297e-01
5.570270270270270174e+01 9.520765841646052774e-01
5.580180180180180116e+01 9.521256309797048178e-01
5.590090090090090058e+01 9.521745219862028931e-01
5.600000000000000000e+01 9.522232579787078821e-01
5.609909909909909942e+01 9.522718397463016959e-01
5.619819819819819884e+01 9.523202680725897373e-01
5.629729729729729826e+01 9.523685437357468642e-01
5.639639639639639768e+01 9.524166675085669054e-01
5.649549549549549710e+01 9.524646401585080691e-01
5.659459459459459651e+01 9.525124624477395718e-01
5.669369369369369593e+01 9.525601351331887123e-01
5.679279279279279535e+01 9.526076589665847250e-01
5.689189189189189477e+01 9.526550346945056313e-01
5.699099099099099419e+01 9.527022630584210949e-01
5.709009009009009361e+01 9.527493447947374960e-01
5.718918918918919303e+01 9.527962806348408975e-01
5.728828828828828534e+01 9.528430713051410095e-01
5.738738738738738476e+01 9.528897175271131559e-01
5.748648648648648418e+01 9.529362200173409070e-01
5.758558558558558360e+01 9.529825794875580458e-01
5.768468468468468302e+01 9.530287966446899794e-01
5.778378378378378244e+01 9.530748721908938181e-01
5.788288288288288186e+01 9.531208068236004527e-01
5.798198198198198128e+01 9.531666012355533013e-01
5.808108108108108070e+01 9.532122561148490547e-01
5.818018018018018012e+01 9.532577721449764230e-01
5.827927927927927954e+01 9.533031500048554374e-01
5.837837837837837895e+01 9.533483903688756422e-01
5.847747747747747837e+01 9.533934939069346193e-01
5.857657657657657779e+01 9.534384612844751805e-01
5.867567567567567721e+01 9.534832931625232266e-01
5.877477477477477663e+01 9.535279901977248285e-01
5.887387387387387605e+01 9.535725530423823093e-01
5.897297297297297547e+01 9.536169823444907712e-01
5.907207207207207489e+01 9.536612787477745101e-01
5.917117117117117431e+01 9.537054428917215443e-01
5.927027027027027373e+01 9.537494754116192519e-01
5.936936936936937315e+01 9.537933769385898986e-01
5.946846846846846546e+01 9.538371480996236107e-01
5.956756756756756488e+01 9.538807895176141249e-01
5.966666666666666430e+01 9.539243018113914285e-01
5.976576576576576372e+01 9.539676855957551771e-01
5.986486486486486314e+01 9.540109414815088895e-01
5.996396396396396256e+01 9.540540700754917003e-01
6.006306306306306197e+01 9.540904305598587598e-01
6.016216216216216139e+01 9.541229051131516758e-01
6.026126126126126081e+01 9.541552970510324139e-01
6.036036036036036023e+01 9.541876067253665106e-01
6.045945945945945965e+01 9.542198344859296189e-01
6.055855855855855907e+01 9.542519806804236060e-01
6.065765765765765849e+01 9.542840456544915417e-01
6.075675675675675791e+01 9.543160297517344626e-01
6.085585585585585733e+01 9.543479333137259157e-01
6.095495495495495675e+01 9.543797566800276133e-01
6.105405405405405617e+01 9.544115001882044202e-01
6.115315315315315559e+01 9.544431641738395644e-01
6.125225225225225500e+01 9.544747489705495136e-01
6.135135135135135442e+01 9.545062549099984084e-01
6.145045045045045384e+01 9.545376823219136053e-01
6.154954954954955326e+01 9.545690315340984444e-01
6.164864864864865268e+01 9.546003028724485695e-01
6.174774774774774500e+01 9.546314966609643626e-01
6.184684684684684441e+01 9.546626132217670424e-01
6.194594594594594383e+01 9.546936528751106543e-01
6.204504504504504325e+01 9.547246159393969478e-01
6.214414414414414267e+01 9.547555027311883658e-01
6.224324324324324209e+01 9.547863135652233657e-01
6.234234234234234151e+01 9.548170487544276330e-01
6.244144144144144093e+01 9.548477086099289579e-01
6.254054054054054035e+01 9.548782934410695589e-01
6.263963963963963977e+01 9.549088035554200715e-01
6.273873873873873919e+01 9.549392392587922052e-01
6.283783783783783861e+01 9.549696008552506221e-01
6.293693693693693803e+01 9.549998886471273707e-01
6.303603603603603744e+01 9.550301029350336535e-01
6.313513513513513686e+01 9.550602440178720398e-01
6.323423423423423628e+01 9.550903121928497885e-01
6.333333333333333570e+01 9.551203077554902832e-01
6.343243243243243512e+01 9.551502309996455775e-01
6.353153153153153454e+01 9.551800822175092742e-01
6.363063063063063396e+01 9.552098616996266278e-01
6.372972972972973338e+01 9.552395697349083115e-01
6.382882882882883280e+01 9.552692066106417412e-01
6.392792792792792511e+01 9.552987726125020673e-01
6.402702702702703164e+01 9.553282680245638314e-01
6.412612612612612395e+01 9.553576931293132901e-01
6.422522522522521626e+01 9.553870482076589621e-01
6.432432432432432279e+01 9.554163335389439515e-01
6.442342342342342931e+01 9.554455494009553851e-01
6.452252252252252163e+01 9.554746960699370684e-01
6.462162162162161394e+01 9.555037738205997000e-01
6.472072072072072046e+01 9.555327829261323069e-01
6.481981981981982699e+01 9.555617236582122365e-01
6.491891891891891930e+01 9.555905962870169246e-01
6.501801801801801162e+01 9.556194010812328887e-01
6.511711711711711814e+01 9.556481383080681624e-01
6.521621621621621046e+01 9.556768082332616210e-01
6.531531531531531698e+01 9.557054111210935288e-01
6.541441441441440929e+01 9.557339472343955311e-01
6.551351351351351582e+01 9.557624168345613125e-01
6.561261261261260813e+01 9.557908201815563665e-01
6.571171171171171466e+01 9.558191575339276547e-01
6.581081081081080697e+01 9.558474291488148200e-01
6.590990990990991349e+01 9.558756352819580693e-01
6.600900900900900581e+01 9.559037761877097195e-01
6.610810810810811233e+01 9.559318521190426354e-01
6.620720720720720465e+01 9.559598633275604440e-01
6.630630630630631117e+01 9.559878100635060827e-01
6.640540540540540349e+01 9.560156925757732349e-01
6.650450450450451001e+01 9.560435111119136575e-01
6.660360360360360232e+01 9.560712659181468398e-01
6.670270270270270885e+01 9.560989572393699953e-01
6.680180180180180116e+01 9.561265853191661668e-01
6.690090090090090769e+01 9.561541503998145508e-01
6.700000000000000000e+01 9.561816527222979367e-01
6.709909909909910652e+01 9.562090925263123653e-01
6.719819819819819884e+01 9.562364700502758996e-01
6.729729729729729115e+01 9.562637855313375068e-01
6.739639639639639768e+01 9.562910392053848296e-01
6.749549549549548999e+01 9.563182313070544005e-01
6.759459459459459651e+01 9.563453620697385249e-01
6.769369369369368883e+01 9.563724317255946072e-01
6.779279279279279535e+01 9.563994405055527004e-01
6.789189189189188767e+01 9.564263886393256087e-01
6.799099099099099419e+01 9.564532763554148831e-01
6.809009009009008651e+01 9.564801038811200362e-01
6.818918918918919303e+01 9.565068714425476459e-01
6.828828828828828534e+01 9.565335792646169066e-01
6.838738738738739187e+01 9.565602275710701763e-01
6.848648648648648418e+01 9.565868165844788606e-01
6.858558558558559071e+01 9.566133465262530722e-01
6.868468468468468302e+01 9.566398176166480694e-01
6.878378378378378954e+01 9.566662300747720282e-01
6.888288288288288186e+01 9.566925841185943691e-01
6.898198198198198838e+01 9.567188799649529729e-01
6.908108108108108070e+01 9.567451178295617309e-01
6.918018018018018722e+01 9.567712979270176499e-01
6.927927927927927954e+01 9.567974204708092900e-01
6.937837837837838606e+01 9.568234856733224269e-01
6.947747747747747837e+01 9.568494937458493776e-01
6.957657657657657069e+01 9.568754448985949956e-01
6.967567567567567721e+01 9.569013393406833323e-01
6.977477477477476953e+01 9.569271772801657416e-01
6.987387387387387605e+01 9.569529589240280965e-01
6.997297297297296836e+01 9.569786844781968949e-01
7.007207207207207489e+01 9.570043541475465876e-01
7.017117117117116720e+01 9.570299681359064614e-01
7.027027027027027373e+01 9.570555266460676336e-01
7.036936936936936604e+01 9.570810298797898241e-01
7.046846846846847257e+01 9.571064780378075731e-01
7.056756756756756488e+01 9.571318713198374573e-01
7.066666666666667140e+01 9.571572099245849730e-01
7.076576576576576372e+01 9.571824940497495326e-01
7.086486486486487024e+01 9.572077238920331244e-01
7.096396396396396256e+01 9.572328996471454188e-01
7.106306306306306908e+01 9.572580215098104306e-01
7.116216216216216139e+01 9.572830896737728468e-01
7.126126126126126792e+01 9.573081043318046879e-01
7.136036036036036023e+01 9.573330656757113033e-01
7.145945945945946676e+01 9.573579738963371444e-01
7.155855855855855907e+01 9.573828291835728699e-01
7.165765765765765138e+01 9.574076317263606750e-01
7.175675675675675791e+01 9.574323817127010638e-01
7.185585585585585022e+01 9.574570793296576232e-01
7.195495495495495675e+01 9.574817247633646833e-01
7.205405405405404906e+01 9.575063181990317585e-01
7.215315315315315559e+01 9.575308598209504307e-01
7.225225225225224790e+01 9.575553498124995677e-01
7.235135135135135442e+01 9.575797883561512069e-01
7.245045045045044674e+01 9.576041756334769950e-01
7.254954954954955326e+01 9.576285118251526285e-01
7.264864864864864558e+01 9.576527971109649595e-01
7.274774774774775210e+01 9.576770316698156593e-01
7.284684684684684441e+01 9.577012156797291009e-01
7.294594594594595094e+01 9.577253493178566890e-01
7.304504504504504325e+01 9.577494327604818558e-01
7.314414414414414978e+01 9.577734661830260565e-01
7.324324324324324209e+01 9.577974497600544312e-01
7.334234234234234862e+01 9.578213836652814672e-01
7.344144144144144093e+01 9.578452680715744405e-01
7.354054054054054745e+01 9.578691031509612985e-01
7.363963963963963977e+01 9.578928890746337688e-01
7.373873873873874629e+01 9.579166260129539090e-01
7.383783783783783861e+01 9.579403141354579931e-01
7.393693693693693092e+01 9.579639536108632836e-01
7.403603603603603744e+01 9.579875446070721390e-01
7.413513513513512976e+01 9.580110872911763442e-01
7.423423423423423628e+01 9.580345818294636606e-01
7.433333333333332860e+01 9.580580283874216008e-01
7.443243243243243512e+01 9.580814271297430906e-01
7.453153153153152743e+01 9.581047782203310215e-01
7.463063063063063396e+01 9.581280818223029128e-01
7.472972972972972627e+01 9.581513380979963523e-01
7.482882882882883280e+01 9.581745472089729931e-01
7.492792792792792511e+01 9.581977093160236603e-01
7.502702702702703164e+01 9.582208245791736800e-01
7.512612612612612395e+01 9.582438931576864327e-01
7.522522522522523047e+01 9.582669152100689036e-01
7.532432432432432279e+01 9.582898908940761240e-01
7.542342342342342931e+01 9.583128203667140577e-01
7.552252252252252163e+01 9.583357037842477055e-01
7.562162162162162815e+01 9.583585413022023269e-01
7.572072072072072046e+01 9.583813330753694348e-01
7.581981981981982699e+01 9.584040792578107926e-01
7.591891891891891930e+01 9.584267800028631878e-01
7.601801801801801162e+01 9.584494354631426516e-01
7.611711711711711814e+01 9.584720457905480107e-01
7.621621621621621046e+01 9.584946111362669940e-01
7.631531531531531698e+01 9.585171316507781203e-01
7.641441441441440929e+01 9.585396074838576919e-01
7.651351351351351582e+01 9.585620387845816825e-01
7.661261261261260813e+01 9.585844257013307335e-01
7.671171171171171466e+01 9.586067683817948160e-01
7.681081081081080697e+01 9.586290669729770064e-01
7.690990990990991349e+01 9.586513216211971500e-01
7.700900900900900581e+01 9.586735324720961904e-01
7.710810810810811233e+01 9.586956996706408329e-01
7.720720720720720465e+01 9.587178233611266531e-01
7.730630630630631117e+01 9.587399036871825375e-01
7.740540540540540349e+01 9.587619407917743475e-01
7.750450450450451001e+01 9.587839348172090270e-01
7.760360360360360232e+01 9.588058859051388216e-01
7.770270270270270885e+01 9.588277941965649420e-01
7.780180180180180116e+01 9.588496598318406727e-01
7.790090090090090769e+01 9.588714829506759241e-01
7.800000000000000000e+01 9.588932636921412289e-01
7.809909909909910652e+01 9.589150021946707403e-01
7.819819819819819884e+01 9.589366985960670053e-01
7.829729729729729115e+01 9.589583530335028527e-01
7.839639639639639768e+01 9.589799656435277209e-01
7.849549549549548999e+01 9.590015365620684351e-01
7.859459459459459651e+01 9.590230659244353140e-01
7.869369369369368883e+01 9.590445538653236124e-01
7.879279279279279535e+01 9.590660005188194059e-01
7.889189189189188767e+01 9.590874060184004790e-01
7.899099099099099419e+01 9.591087704969427641e-01
7.909009009009008651e+01 9.591300940867207858e-01
7.918918918918919303e+01 9.591513769194137673e-01
7.928828828828828534e+01 9.591726191261077394e-01
7.938738738738739187e+01 9.591938208372987607e-01
7.948648648648648418e+01 9.592149821828971357e-01
7.958558558558559071e+01 9.592361032922305242e-01
7.968468468468468302e+01 9.592571842940467164e-01
7.978378378378378954e+01 9.592782253165179629e-01
7.988288288288288186e+01 9.592992264872433061e-01
7.998198198198198838e+01 9.593201879332527993e-01
8.008108108108108070e+01 9.593380166526765951e-01
8.018018018018018722e+01 9.593551278286842621e-01
8.027927927927927954e+01 9.593722098410477628e-01
8.037837837837838606e+01 9.593892627758822123e-01
8.047747747747747837e+01 9.594062867189422361e-01
8.057657657657657069e+01 9.594232817556229698e-01
8.067567567567567721e+01 9.594402479709622789e-01
8.077477477477476953e+01 9.594571854496439789e-01
8.087387387387387605e+01 9.594740942759973912e-01
8.097297297297296836e+01 9.594909745340013396e-01
8.107207207207207489e+01 9.595078263072851499e-01
8.117117117117116720e+01 9.595246496791307589e-01
8.127027027027027373e+01 9.595414447324738250e-01
8.136936936936936604e+01 9.595582115499069475e-01
8.146846846846847257e+01 9.595749502136800002e-01
8.156756756756756488e+01 9.595916608057037944e-01
8.166666666666667140e+01 9.596083434075496355e-01
8.176576576576576372e+01 9.596249981004532081e-01
8.186486486486487024e+01 9.596416249653154651e-01
8.196396396396396256e+01 9.596582240827039589e-01
8.206306306306306908e+01 9.596747955328555069e-01
8.216216216216216139e+01 9.596913393956771898e-01
8.226126126126126792e+01 9.597078557507487950e-01
8.236036036036036023e+01 9.597243446773242592e-01
8.245945945945946676e+01 9.597408062543334450e-01
8.255855855855855907e+01 9.597572405603830292e-01
8.265765765765765138e+01 9.597736476737597222e-01
8.275675675675675791e+01 9.597900276724310453e-01
8.285585585585585022e+01 9.598063806340469961e-01
8.295495495495495675e+01 9.598227066359419357e-01
8.305405405405404906e+01 9.598390057551360321e-01
8.315315315315315559e+01 9.598552780683374808e-01
8.325225225225224790e+01 9.598715236519436145e-01
8.335135135135135442e+01 9.598877425820421250e-01
8.345045045045044674e+01 9.599039349344139493e-01
8.354954954954955326e+01 9.599201007845341582e-01
8.364864864864864558e+01 9.599362402075721779e-01
8.374774774774775210e+01 9.599523532783968971e-01
8.384684684684684441e+01 9.599684400715744470e-01
8.394594594594595094e+01 9.599845006613717535e-01
8.404504504504504325e+01 9.600005351217583138e-01
8.414414414414414978e+01 9.600165435264063074e-01
8.424324324324324209e+01 9.600325259486940377e-01
8.434234234234234862e+01 9.600484824617057100e-01
8.444144144144144093e+01 9.600644131382332080e-01
8.454054054054054745e+01 9.600803180507794243e-01
8.463963963963963977e+01 9.600961972715573722e-01
8.473873873873874629e+01 9.601120508724931835e-01
8.483783783783783861e+01 9.601278789252261081e-01
8.493693693693693092e+01 9.601436815011126225e-01
8.503603603603603744e+01 9.601594586712253188e-01
8.513513513513512976e+01 9.601752105063547926e-01
8.523423423423423628e+01 9.601909370770127516e-01
8.533333333333332860e+01 9.602066384534312382e-01
8.543243243243243512e+01 9.602223147055659602e-01
8.553153153153152743e+01 9.602379659030959580e-01
8.563063063063063396e+01 9.602535921154264908e-01
8.572972972972972627e+01 9.602691934116897032e-01
8.582882882882883280e+01 9.602847698607461790e-01
8.592792792792792511e+01 9.603003215311864960e-01
8.602702702702703164e+01 9.603158484913314474e-01
8.612612612612612395e+01 9.603313508092360395e-01
8.622522522522523047e+01 9.603468285526874926e-01
8.632432432432432279e+01 9.603622817892089047e-01
8.642342342342342931e+01 9.603777105860604735e-01
8.652252252252252163e+01 9.603931150102396064e-01
8.662162162162162815e+01 9.604084951284828087e-01
8.672072072072072046e+01 9.604238510072681256e-01
8.681981981981982699e+01 9.604391827128140324e-01
8.691891891891891930e+01 9.604544903110835419e-01
8.701801801801802583e+01 9.604697738677828722e-01
8.711711711711711814e+01 9.604850334483645558e-01
8.721621621621621046e+01 9.605002691180285490e-01
8.731531531531531698e+01 9.605154809417221218e-01
8.741441441441440929e+01 9.605306689841427437e-01
8.751351351351351582e+01 9.605458333097380841e-01
8.761261261261260813e+01 9.605609739827083438e-01
8.771171171171171466e+01 9.605760910670070318e-01
8.781081081081080697e+01 9.605911846263414100e-01
8.790990990990991349e+01 9.606062547241747129e-01
8.800900900900900581e+01 9.606213014237278136e-01
8.810810810810811233e+01 9.606363247879785572e-01
8.820720720720720465e+01 9.606513248796647586e-01
8.830630630630631117e+01 9.606663017612845357e-01
8.840540540540540349e+01 9.606812554950976413e-01
8.850450450450451001e+01 9.606961861431270178e-01
8.860360360360360232e+01 9.607110937671590190e-01
8.870270270270270885e+01 9.607259784287459636e-01
8.880180180180180116e+01 9.607408401892056915e-01
8.890090090090090769e+01 9.607556791096241167e-01
8.900000000000000000e+01 9.607704952508555607e-01
8.909909909909910652e+01 9.607852886735237519e-01
8.919819819819819884e+01 9.608000594380242676e-01
8.929729729729729115e+01 9.608148076045236463e-01
8.939639639639639768e+01 9.608295332329622740e-01
8.949549549549548999e+01 9.608442363830543842e-01
8.959459459459459651e+01 9.608589171142895013e-01
8.969369369369368883e+01 9.608735754859336620e-01
8.979279279279279535e+01 9.608882115570311910e-01
8.989189189189188767e+01 9.609028253864033697e-01
8.999099099099099419e+01 9.609174170326524322e-01
9.009009009009008651e+01 9.609319865541614547e-01
9.018918918918919303e+01 9.609465340090940222e-01
9.028828828828828534e+01 9.609610594553982255e-01
9.038738738738739187e+01 9.609755629508044406e-01
9.048648648648648418e+01 9.609900445528294366e-01
9.058558558558559071e+01 9.610045043187749325e-01
9.068468468468468302e+01 9.610189423057300395e-01
9.078378378378378954e+01 9.610333585705725934e-01
9.088288288288288186e+01 9.610477531699676002e-01
9.098198198198198838e+01 9.610621261603724541e-01
9.108108108108108070e+01 9.610764775980340513e-01
9.118018018018018722e+01 9.610908075389914540e-01
9.127927927927927954e+01 9.611051160390780002e-01
9.137837837837838606e+01 9.611194031539199711e-01
9.147747747747747837e+01 9.611336689389388122e-01
9.157657657657657069e+01 9.611479134493520204e-01
9.167567567567567721e+01 9.611621367401748106e-01
9.177477477477476953e+01 9.611763388662193375e-01
9.187387387387387605e+01 9.611905198820972496e-01
9.197297297297296836e+01 9.612046798422200222e-01
9.207207207207207489e+01 9.612188188008000678e-01
9.217117117117116720e+01 9.612329368118510686e-01
9.227027027027027373e+01 9.612470339291896426e-01
9.236936936936936604e+01 9.612611102064365642e-01
9.246846846846847257e+01 9.612751656970165426e-01
9.256756756756756488e+01 9.612892004541602198e-01
9.266666666666667140e+01 9.613032145309039489e-01
9.276576576576576372e+01 9.613172079800922365e-01
9.286486486486487024e+01 9.613311808543771875e-01
9.296396396396396256e+01 9.613451332062208365e-01
9.306306306306306908e+01 9.613590650878941490e-01
9.316216216216216139e+01 9.613729765514797965e-01
9.326126126126126792e+01 9.613868676488718235e-01
9.336036036036036023e+01 9.614007384317775351e-01
9.345945945945946676e+01 9.614145889517169419e-01
9.355855855855855907e+01 9.614284192600255352e-01
9.365765765765765138e+01 9.614422294078526221e-01
9.375675675675675791e+01 9.614560194461650999e-01
9.385585585585585022e+01 9.614697894257462352e-01
9.395495495495495675e+01 9.614835393971974398e-01
9.405405405405404906e+01 9.614972694109378271e-01
9.415315315315315559e+01 9.615109795172077645e-01
9.425225225225224790e+01 9.615246697660665420e-01
9.435135135135135442e+01 9.615383402073952590e-01
9.445045045045044674e+01 9.615519908908971569e-01
9.454954954954955326e+01 9.615656218660979526e-01
9.464864864864864558e+01 9.615792331823472816e-01
9.474774774774775210e+01 9.615928248888191421e-01
9.484684684684684441e+01 9.616063970345130052e-01
9.494594594594595094e+01 9.616199496682547032e-01
9.504504504504504325e+01 9.616334828386959854e-01
9.514414414414414978e+01 9.616469965943171827e-01
9.524324324324324209e+01 9.616604909834272075e-01
9.534234234234234862e+01 9.616739660541633317e-01
9.544144144144144093e+01 9.616874218544937403e-01
9.554054054054054745e+01 9.617008584322169762e-01
9.563963963963963977e+01 9.617142758349634946e-01
9.573873873873874629e+01 9.617276741101958848e-01
9.583783783783783861e+01 9.617410533052103139e-01
9.593693693693693092e+01 9.617544134671359712e-01
9.603603603603603744e+01 9.617677546429372892e-01
9.613513513513512976e+01 9.617810768794146092e-01
9.623423423423423628e+01 9.617943802232027384e-01
9.633333333333332860e+01 9.618076647207753904e-01
9.643243243243243512e+01 9.618209304184426323e-01
9.653153153153152743e+01 9.618341773623528823e-01
9.663063063063063396e+01 9.618474055984947979e-01
9.672972972972972627e+01 9.618606151726953879e-01
9.682882882882883280e+01 9.618738061306231213e-01
9.692792792792792511e+01 9.618869785177872611e-01
9.702702702702703164e+01 9.619001323795397518e-01
9.712612612612612395e+01 9.619132677610741089e-01
9.722522522522523047e+01 9.619263847074281948e-01
9.732432432432432279e+01 9.619394832634834414e-01
9.742342342342342931e+01 9.619525634739665154e-01
9.752252252252252163e+01 9.619656253834489856e-01
9.762162162162162815e+01 9.619786690363494319e-01
9.772072072072072046e+01 9.619916944769320022e-01
9.781981981981982699e+01 9.620047017493095209e-01
9.791891891891891930e+01 9.620176908974429342e-01
9.801801801801802583e+01 9.620306619651413094e-01
9.811711711711711814e+01 9.620436149960647221e-01
9.821621621621621046e+01 9.620565500337215914e-01
9.831531531531531698e+01 9.620694671214730098e-01
9.841441441441440929e+01 9.620823663025303008e-01
9.851351351351351582e+01 9.620952476199580161e-01
9.861261261261260813e+01 9.621081111166730482e-01
9.871171171171171466e+01 9.621209568354458508e-01
9.881081081081080697e+01 9.621337848189011055e-01
9.890990990990991349e+01 9.621465951095188318e-01
9.900900900900900581e+01 9.621593877496336100e-01
9.910810810810811233e+01 9.621721627814364686e-01
9.920720720720720465e+01 9.621849202469757723e-01
9.930630630630631117e+01 9.621976601881561120e-01
9.940540540540540349e+01 9.622103826467410803e-01
9.950450450450451001e+01 9.622230876643528275e-01
9.960360360360360232e+01 9.622357752824718391e-01
9.970270270270270885e+01 9.622484455424390459e-01
9.980180180180180116e+01 9.622610984854562677e-01
9.990090090090090769e+01 9.622737341525857691e-01
1.000000000000000000e+02 9.622863525847514810e-01
