keV	QE (%)
0.5	1.0601
0.6	17.4345
0.7	29.8844
0.8	39.1648
0.9	46.0306
1	51.2367
1.1	55.5384
1.2	60.6903
1.3	67.7477
1.4	72.5655
1.5	78.7986
1.6	84.4339
1.7	84.8854
1.8	84.0989
1.9	58.6271
2	31.4488
2.1	23.0214
2.2	23.5901
2.3	26.772
2.4	39.5841
2.5	51.9435
2.6	60.2348
2.7	64.7128
2.8	65.86
2.9	67.1186
3	67.4912
3.1	68.6823
3.2	70.6261
3.3	72.9992
3.4	75.4778
3.5	77.7385
3.6	79.5265
3.7	80.8617
3.8	81.8331
3.9	82.5292
4	83.0389
4.1	83.4365
4.2	83.7389
4.3	83.9485
4.4	84.0677
4.5	84.0989
4.6	84.0392
4.7	83.8632
4.8	83.5405
4.9	83.0404
5	82.3322
5.1	81.4047
5.2	80.3248
5.3	79.1785
5.4	78.0521
5.5	77.0318
5.6	76.1737
5.7	75.4143
5.8	74.4598
5.9	73.6168
6	72.5915
6.1	71.5202
6.2	70.0577
6.3	68.4889
6.4	66.8984
6.5	65.371
6.6	63.9704
6.7	62.6757
6.8	61.4454
6.9	60.2376
7	59.0106
7.1	57.7348
7.2	56.4294
7.3	55.1259
7.4	53.8557
7.5	52.6502
7.6	51.5301
7.7	50.473
7.8	49.446
7.9	48.416
8	47.3498
8.1	46.2255
8.2	45.0651
8.3	43.9014
8.4	42.7674
8.5	41.6961
8.6	40.7126
8.7	39.8108
8.8	38.9767
8.9	38.1964
9	37.4558
9.1	36.7416
9.2	36.0421
9.3	35.3464
9.4	34.6435
9.5	33.9223
9.6	33.1748
9.7	32.4051
9.8	31.6205
9.9	30.8282
10	30.0353
10.1	29.2506
10.2	28.4886
10.3	27.7657
10.4	27.098
10.5	26.5018
10.6	25.9869
10.7	25.5385
10.8	25.1356
10.9	24.757
11	24.3816
11.1	23.992
11.2	23.5848
11.3	23.1604
11.4	22.7192
11.5	22.2615
11.6	21.7908
11.7	21.3238
11.8	20.88
11.9	20.4793
12	20.1413
12.1	19.875
12.2	19.6459
12.3	19.2086
12.4	18.7177
12.5	18.1
12.6	18.011
12.7	17.6144
12.8	16.9983
12.9	16.4263
13	15.9611
13.1	15.6454
13.2	15.4404
13.3	15.2873
13.4	15.1272
13.5	14.9011
13.6	14.3661
13.7	14.1435
13.8	13.6703
13.9	13.1837
14	12.7208
14.1	12.3129
14.2	11.9666
14.3	11.9831
14.4	11.863
14.5	11.3074
14.6	11.4126
14.7	11.1569
14.8	11.1143
14.9	11.0587
15	10.964
15.1	10.8113
15.2	10.6106
15.3	10.3793
15.4	10.1347
15.5	9.894
15.6	9.6703
15.7	9.4602
15.8	9.2559
15.9	9.0497
16	8.8339
16.1	8.6043
16.2	8.3704
16.3	8.1453
16.4	7.9421
16.5	7.7739
16.6	7.6496
16.7	7.5628
16.8	7.5028
16.9	7.4589
17	7.4206
17.1	7.3783
17.2	7.3263
17.3	7.2602
17.4	7.1753
17.5	7.0671
17.6	6.9338
17.7	6.7845
17.8	6.6312
17.9	6.4858
18	6.3604
18.1	6.2633
18.2	6.1888
18.3	6.1274
18.4	6.07
18.5	6.0071
18.6	5.9323
18.7	5.8512
18.8	5.7721
18.9	5.7035
19	5.6537
19.1	5.6283
19.2	5.6212
19.3	5.6234
19.4	5.626
19.5	5.62
19.6	5.5976
19.7	5.5561
19.8	5.4938
19.9	5.4091
20	5.3004
20.1	5.1681
20.2	5.0207
20.3	4.8689
20.4	4.723
20.5	4.5936
20.6	4.4888
20.7	4.4061
20.8	4.3404
20.9	4.2868
21	4.2403
21.1	4.1968
21.2	4.156
21.3	4.1185
21.4	4.085
21.5	4.056
21.6	4.0322
21.7	4.0142
21.8	4.0026
21.9	3.9979
22	4.0007
22.1	4.0096
22.2	4.0145
22.3	4.0036
22.4	3.9648
22.5	3.8861
22.6	3.7612
22.7	3.6062
22.8	3.4432
22.9	3.2939
23	3.1814
23.1	3.14
23.2	3.101
23.3	3.1143
23.4	3.1451
23.5	3.18
23.6	3.2074
23.7	3.2224
23.8	3.2217
23.9	3.202
24	3.1602
24.1	3.0956
24.2	3.0178
24.3	2.939
24.4	2.8713
24.5	2.827
24.6	2.8137
24.7	2.8216
24.8	2.836
24.9	2.8425
25	2.8267
25.1	2.7787
25.2	2.707
25.3	2.6251
25.4	2.5462
25.5	2.4835
25.6	2.4471
25.7	2.434
25.8	2.4382
25.9	2.4534
26	2.4735
26.1	2.4927
26.2	2.5061
26.3	2.5094
26.4	2.4979
26.5	2.4673
26.6	2.4155
26.7	2.3505
26.8	2.2827
26.9	2.2227
27	2.1808
27.1	2.1637
27.2	2.1624
27.3	2.1641
27.4	2.1561
27.5	2.1256
27.6	2.0644
27.7	1.9829
27.8	1.8961
27.9	1.819
28	1.7668
28.1	1.7493
28.2	1.756
28.3	1.7715
28.4	1.7802
28.5	1.7665
28.6	1.7198
28.7	1.6487
28.8	1.5666
28.9	1.4869
29	1.4232
29.1	1.3857
29.2	1.3717
29.3	1.3755
29.4	1.3913
29.5	1.4133
29.6	1.4357
29.7	1.4527
29.8	1.4586
29.9	1.4474
30	1.4134
30.1	0.921265342
30.2	0.907643733
30.3	0.89422353
30.4	0.881001754
30.5	0.867975473
30.6	0.855141795
30.7	0.842497873
30.8	0.8300409
30.9	0.817768114
31	0.80567679
31.1	0.793764246
31.2	0.782027837
31.3	0.77046496
31.4	0.75907305
31.5	0.747849577
31.6	0.736792052
31.7	0.72589802
31.8	0.715165066
31.9	0.704590806
32	0.694172895
32.1	0.68390902
32.2	0.673796905
32.3	0.663834305
32.4	0.654019009
32.5	0.644348841
32.6	0.634821653
32.7	0.625435331
32.8	0.616187794
32.9	0.607076988
33	0.598100893
33.1	0.589257516
33.2	0.580544895
33.3	0.571961097
33.4	0.563504217
33.5	0.555172378
33.6	0.546963732
33.7	0.538876457
33.8	0.530908759
33.9	0.523058869
34	0.515325045
34.1	0.507705572
34.2	0.500198759
34.3	0.49280294
34.4	0.485516473
34.5	0.478337743
34.6	0.471265155
34.7	0.464297141
34.8	0.457432154
34.9	0.450668672
35	0.444005193
35.1	0.437440238
35.2	0.430972351
35.3	0.424600097
35.4	0.418322061
35.5	0.412136851
35.6	0.406043094
35.7	0.400039438
35.8	0.39412455
35.9	0.388297119
36	0.382555851
36.1	0.376899471
36.2	0.371326726
36.3	0.365836377
36.4	0.360427208
36.5	0.355098018
36.6	0.349847623
36.7	0.34467486
36.8	0.33957858
36.9	0.334557652
37	0.329610962
37.1	0.324737413
37.2	0.319935924
37.3	0.315205428
37.4	0.310544875
37.5	0.305953233
37.6	0.301429482
37.7	0.296972617
37.8	0.292581651
37.9	0.288255609
38	0.28399353
38.1	0.27979447
38.2	0.275657496
38.3	0.27158169
38.4	0.267566148
38.5	0.263609979
38.6	0.259712305
38.7	0.25587226
38.8	0.252088994
38.9	0.248361667
39	0.24468945
39.1	0.241071531
39.2	0.237507105
39.3	0.233995381
39.4	0.230535582
39.5	0.227126938
39.6	0.223768693
39.7	0.220460102
39.8	0.217200432
39.9	0.213988958
40	0.210824969
40.1	0.207707761
40.2	0.204636644
40.3	0.201610935
40.4	0.198629964
40.5	0.195693069
40.6	0.192799598
40.7	0.189948909
40.8	0.18714037
40.9	0.184373357
41	0.181647257
41.1	0.178961464
41.2	0.176315382
41.3	0.173708425
41.4	0.171140014
41.5	0.168609579
41.6	0.166116558
41.7	0.163660398
41.8	0.161240555
41.9	0.15885649
42	0.156507676
42.1	0.154193591
42.2	0.151913721
42.3	0.149667561
42.4	0.147454613
42.5	0.145274384
42.6	0.143126392
42.7	0.141010159
42.8	0.138925216
42.9	0.136871101
43	0.134847358
43.1	0.132853537
43.2	0.130889197
43.3	0.1289539
43.4	0.127047219
43.5	0.125168729
43.6	0.123318014
43.7	0.121494663
43.8	0.119698272
43.9	0.117928442
44	0.11618478
44.1	0.1144669
44.2	0.11277442
44.3	0.111106964
44.4	0.109464163
44.5	0.107845652
44.6	0.106251072
44.7	0.104680069
44.8	0.103132295
44.9	0.101607405
45	0.100105062
45.1	0.098624933
45.2	0.097166688
45.3	0.095730005
45.4	0.094314564
45.5	0.092920051
45.6	0.091546157
45.7	0.090192578
45.8	0.088859012
45.9	0.087545164
46	0.086250742
46.1	0.084975459
46.2	0.083719032
46.3	0.082481183
46.4	0.081261636
46.5	0.08006012
46.6	0.078876371
46.7	0.077710123
46.8	0.07656112
46.9	0.075429106
47	0.074313829
47.1	0.073215042
47.2	0.072132502
47.3	0.071065968
47.4	0.070015204
47.5	0.068979976
47.6	0.067960054
47.7	0.066955213
47.8	0.065965229
47.9	0.064989883
48	0.064028958
48.1	0.063082242
48.2	0.062149523
48.3	0.061230595
48.4	0.060325254
48.5	0.059433299
48.6	0.058554532
48.7	0.057688759
48.8	0.056835787
48.9	0.055995426
49	0.055167491
49.1	0.054351798
49.2	0.053548165
49.3	0.052756415
49.4	0.051976371
49.5	0.051207861
49.6	0.050450714
49.7	0.049704762
49.8	0.048969839
49.9	0.048245783
50	0.047532432
50.1	0.046829629
50.2	0.046137217
50.3	0.045455043
50.4	0.044782956
50.5	0.044120806
50.6	0.043468446
50.7	0.042825732
50.8	0.042192521
50.9	0.041568672
51	0.040954048
51.1	0.040348511
51.2	0.039751928
51.3	0.039164165
51.4	0.038585093
51.5	0.038014583
51.6	0.037452509
51.7	0.036898745
51.8	0.036353169
51.9	0.03581566
52	0.035286098
52.1	0.034764366
52.2	0.034250348
52.3	0.033743931
52.4	0.033245001
52.5	0.032753449
52.6	0.032269164
52.7	0.03179204
52.8	0.03132197
52.9	0.030858851
53	0.03040258
53.1	0.029953054
53.2	0.029510176
53.3	0.029073845
53.4	0.028643966
53.5	0.028220443
53.6	0.027803183
53.7	0.027392091
53.8	0.026987078
53.9	0.026588054
54	0.026194929
54.1	0.025807617
54.2	0.025426032
54.3	0.025050089
54.4	0.024679704
54.5	0.024314796
54.6	0.023955283
54.7	0.023601086
54.8	0.023252126
54.9	0.022908326
55	0.022569609
55.1	0.0222359
55.2	0.021907125
55.3	0.021583212
55.4	0.021264088
55.5	0.020949682
55.6	0.020639925
55.7	0.020334748
55.8	0.020034083
55.9	0.019737864
56	0.019446025
56.1	0.0191585
56.2	0.018875227
56.3	0.018596143
56.4	0.018321185
56.5	0.018050292
56.6	0.017783405
56.7	0.017520463
56.8	0.01726141
56.9	0.017006187
57	0.016754738
57.1	0.016507006
57.2	0.016262937
57.3	0.016022477
57.4	0.015785573
57.5	0.015552171
57.6	0.015322221
57.7	0.01509567
57.8	0.014872469
57.9	0.014652568
58	0.014435919
58.1	0.014222473
58.2	0.014012183
58.3	0.013805002
58.4	0.013600884
58.5	0.013399785
58.6	0.013201659
58.7	0.013006462
58.8	0.012814152
58.9	0.012624685
59	0.012438019
59.1	0.012254114
59.2	0.012072927
59.3	0.01189442
59.4	0.011718552
59.5	0.011545284
59.6	0.011374578
59.7	0.011206397
59.8	0.011040701
59.9	0.010877456
60	0.010716625
60.1	0.010558171
60.2	0.010402061
60.3	0.010248258
60.4	0.01009673
60.5	0.009947442
60.6	0.009800362
60.7	0.009655456
60.8	0.009512693
60.9	0.00937204
61	0.009233468
61.1	0.009096944
61.2	0.008962438
61.3	0.008829922
61.4	0.008699365
61.5	0.008570738
61.6	0.008444013
61.7	0.008319162
61.8	0.008196157
61.9	0.008074971
62	0.007955576
62.1	0.007837947
62.2	0.007722057
62.3	0.00760788
62.4	0.007495392
62.5	0.007384567
62.6	0.00727538
62.7	0.007167808
62.8	0.007061827
62.9	0.006957412
63	0.006854542
63.1	0.006753192
63.2	0.006653341
63.3	0.006554966
63.4	0.006458046
63.5	0.006362559
63.6	0.006268484
63.7	0.006175799
63.8	0.006084486
63.9	0.005994522
64	0.005905888
64.1	0.005818565
64.2	0.005732533
64.3	0.005647773
64.4	0.005564267
64.5	0.005481995
64.6	0.005400939
64.7	0.005321082
64.8	0.005242406
64.9	0.005164893
65	0.005088526
65.1	0.005013289
65.2	0.004939163
65.3	0.004866134
65.4	0.004794184
65.5	0.004723299
65.6	0.004653461
65.7	0.004584656
65.8	0.004516869
65.9	0.004450083
66	0.004384285
66.1	0.00431946
66.2	0.004255594
66.3	0.004192672
66.4	0.00413068
66.5	0.004069605
66.6	0.004009432
66.7	0.00395015
66.8	0.003891744
66.9	0.003834202
67	0.00377751
67.1	0.003721657
67.2	0.003666629
67.3	0.003612415
67.4	0.003559003
67.5	0.00350638
67.6	0.003454536
67.7	0.003403458
67.8	0.003353135
67.9	0.003303557
68	0.003254711
68.1	0.003206588
68.2	0.003159176
68.3	0.003112465
68.4	0.003066445
68.5	0.003021105
68.6	0.002976436
68.7	0.002932427
68.8	0.002889069
68.9	0.002846352
69	0.002804266
69.1	0.002762803
69.2	0.002721953
69.3	0.002681707
69.4	0.002642056
69.5	0.002602991
69.6	0.002564504
69.7	0.002526585
69.8	0.002489228
69.9	0.002452423
70	0.002416162
70.1	0.002380437
70.2	0.00234524
70.3	0.002310564
70.4	0.002276401
70.5	0.002242743
70.6	0.002209582
70.7	0.002176912
70.8	0.002144724
70.9	0.002113013
71	0.00208177
71.1	0.00205099
71.2	0.002020664
71.3	0.001990787
71.4	0.001961352
71.5	0.001932352
71.6	0.001903781
71.7	0.001875632
71.8	0.001847899
71.9	0.001820577
72	0.001793658
72.1	0.001767137
72.2	0.001741009
72.3	0.001715267
72.4	0.001689905
72.5	0.001664919
72.6	0.001640302
72.7	0.001616048
72.8	0.001592154
72.9	0.001568613
73	0.00154542
73.1	0.001522569
73.2	0.001500057
73.3	0.001477878
73.4	0.001456026
73.5	0.001434498
73.6	0.001413287
73.7	0.001392391
73.8	0.001371803
73.9	0.00135152
74	0.001331537
74.1	0.001311849
74.2	0.001292452
74.3	0.001273343
74.4	0.001254515
74.5	0.001235966
74.6	0.001217692
74.7	0.001199687
74.8	0.001181949
74.9	0.001164473
75	0.001147255
75.1	0.001130292
75.2	0.00111358
75.3	0.001097115
75.4	0.001080893
75.5	0.001064911
75.6	0.001049166
75.7	0.001033653
75.8	0.00101837
75.9	0.001003312
76	0.000988478
76.1	0.000973862
76.2	0.000959463
76.3	0.000945276
76.4	0.0009313
76.5	0.00091753
76.6	0.000903963
76.7	0.000890598
76.8	0.00087743
76.9	0.000864456
77	0.000851674
77.1	0.000839082
77.2	0.000826675
77.3	0.000814452
77.4	0.00080241
77.5	0.000790546
77.6	0.000778857
77.7	0.000767341
77.8	0.000755995
77.9	0.000744817
78	0.000733805
78.1	0.000722955
78.2	0.000712265
78.3	0.000701734
78.4	0.000691358
78.5	0.000681136
78.6	0.000671065
78.7	0.000661143
78.8	0.000651367
78.9	0.000641736
79	0.000632248
79.1	0.000622899
79.2	0.000613689
79.3	0.000604615
79.4	0.000595676
79.5	0.000586868
79.6	0.000578191
79.7	0.000569642
79.8	0.000561219
79.9	0.000552921
80	0.000544746
80.1	0.000536691
80.2	0.000528756
80.3	0.000520938
80.4	0.000513236
80.5	0.000505647
80.6	0.000498171
80.7	0.000490805
80.8	0.000483548
80.9	0.000476398
81	0.000469354
81.1	0.000462415
81.2	0.000455577
81.3	0.000448841
81.4	0.000442205
81.5	0.000435667
81.6	0.000429225
81.7	0.000422878
81.8	0.000416626
81.9	0.000410466
82	0.000404397
82.1	0.000398417
82.2	0.000392526
82.3	0.000386723
82.4	0.000381005
82.5	0.000375371
82.6	0.000369821
82.7	0.000364353
82.8	0.000358966
82.9	0.000353658
83	0.000348429
83.1	0.000343277
83.2	0.000338202
83.3	0.000333201
83.4	0.000328274
83.5	0.000323421
83.6	0.000318639
83.7	0.000313927
83.8	0.000309286
83.9	0.000304713
84	0.000300207
84.1	0.000295768
84.2	0.000291395
84.3	0.000287087
84.4	0.000282842
84.5	0.00027866
84.6	0.00027454
84.7	0.000270481
84.8	0.000266481
84.9	0.000262541
85	0.000258659
85.1	0.000254835
85.2	0.000251067
85.3	0.000247355
85.4	0.000243697
85.5	0.000240094
85.6	0.000236544
85.7	0.000233047
85.8	0.000229601
85.9	0.000226206
86	0.000222861
86.1	0.000219566
86.2	0.00021632
86.3	0.000213121
86.4	0.00020997
86.5	0.000206866
86.6	0.000203807
86.7	0.000200793
86.8	0.000197825
86.9	0.0001949
87	0.000192018
87.1	0.000189179
87.2	0.000186382
87.3	0.000183626
87.4	0.000180911
87.5	0.000178236
87.6	0.0001756
87.7	0.000173004
87.8	0.000170446
87.9	0.000167926
88	0.000165443
88.1	0.000162997
88.2	0.000160587
88.3	0.000158212
88.4	0.000155873
88.5	0.000153568
88.6	0.000151298
88.7	0.000149061
88.8	0.000146857
88.9	0.000144685
89	0.000142546
89.1	0.000140438
89.2	0.000138362
89.3	0.000136316
89.4	0.000134301
89.5	0.000132315
89.6	0.000130358
89.7	0.000128431
89.8	0.000126532
89.9	0.000124661
90	0.000122818
90.1	0.000121002
90.2	0.000119213
90.3	0.00011745
90.4	0.000115714
90.5	0.000114003
90.6	0.000112317
90.7	0.000110656
90.8	0.00010902
90.9	0.000107408
91	0.00010582
91.1	0.000104256
91.2	0.000102714
91.3	0.000101195
91.4	9.96992E-05
91.5	9.8225E-05
91.6	9.67727E-05
91.7	9.53418E-05
91.8	9.39321E-05
91.9	9.25433E-05
92	9.1175E-05
92.1	8.98269E-05
92.2	8.84987E-05
92.3	8.71902E-05
92.4	8.5901E-05
92.5	8.46309E-05
92.6	8.33796E-05
92.7	8.21467E-05
92.8	8.09321E-05
92.9	7.97355E-05
93	7.85565E-05
93.1	7.7395E-05
93.2	7.62507E-05
93.3	7.51233E-05
93.4	7.40125E-05
93.5	7.29182E-05
93.6	7.184E-05
93.7	7.07778E-05
93.8	6.97313E-05
93.9	6.87003E-05
94	6.76845E-05
94.1	6.66837E-05
94.2	6.56978E-05
94.3	6.47264E-05
94.4	6.37693E-05
94.5	6.28265E-05
94.6	6.18975E-05
94.7	6.09823E-05
94.8	6.00807E-05
94.9	5.91923E-05
95	5.83171E-05
95.1	5.74548E-05
95.2	5.66053E-05
95.3	5.57684E-05
95.4	5.49438E-05
95.5	5.41314E-05
95.6	5.3331E-05
95.7	5.25425E-05
95.8	5.17656E-05
95.9	5.10002E-05
96	5.02462E-05
96.1	4.95032E-05
96.2	4.87713E-05
96.3	4.80502E-05
96.4	4.73397E-05
96.5	4.66397E-05
96.6	4.59501E-05
96.7	4.52707E-05
96.8	4.46014E-05
96.9	4.39419E-05
97	4.32922E-05
97.1	4.26521E-05
97.2	4.20214E-05
97.3	4.14001E-05
97.4	4.0788E-05
97.5	4.01849E-05
97.6	3.95907E-05
97.7	3.90054E-05
97.8	3.84286E-05
97.9	3.78604E-05
98	3.73006E-05
98.1	3.67491E-05
98.2	3.62058E-05
98.3	3.56704E-05
98.4	3.5143E-05
98.5	3.46234E-05
98.6	3.41115E-05
98.7	3.36071E-05
98.8	3.31102E-05
98.9	3.26206E-05
99	3.21383E-05
99.1	3.16631E-05
99.2	3.1195E-05
99.3	3.07337E-05
99.4	3.02793E-05
99.5	2.98316E-05
99.6	2.93905E-05
99.7	2.8956E-05
99.8	2.85278E-05
99.9	2.8106E-05
100	2.76904E-05
